mean values
      x      A      B      C
0   8.0  0.982  0.000  0.018
1   3.0  0.000  0.881  0.119
2   6.0  0.495  0.009  0.495
3   9.0  0.998  0.000  0.002
4   7.0  0.881  0.000  0.119
5   6.0  0.495  0.009  0.495
6   2.0  0.000  0.982  0.018
7   6.0  0.495  0.009  0.495
8   4.0  0.009  0.495  0.495
9   4.0  0.009  0.495  0.495
10  5.0  0.107  0.107  0.787
11  7.0  0.881  0.000  0.119

new param
m    : [ 0.446  0.249  0.305]
mu   : [ 7.228  3.102  5.203]
sig^2: [ 1.266  0.878  1.125]


mean values
      x      A      B      C
0   8.0  0.972  0.000  0.028
1   3.0  0.001  0.887  0.112
2   6.0  0.499  0.005  0.496
3   9.0  0.996  0.000  0.004
4   7.0  0.850  0.000  0.150
5   6.0  0.499  0.005  0.496
6   2.0  0.000  0.978  0.022
7   6.0  0.499  0.005  0.496
8   4.0  0.020  0.516  0.464
9   4.0  0.020  0.516  0.464
10  5.0  0.150  0.092  0.758
11  7.0  0.850  0.000  0.150

new param
m    : [ 0.446  0.25   0.303]
mu   : [ 7.195  3.095  5.266]
sig^2: [ 1.349  0.829  1.187]


